6
10 70 10
-10 70 10
-10 50 10
10 50 10
0.0 0.0 0.0 0.3
0.1 0.35 0.1 0.3
0.45 0.55 0.45 0.3
0 0 1 -10
41
10 70 -10
10 70 10
10 50 10
10 50 -10
0.05 0.0 0.0 0.3
0.5 0.4 0.4 0.3
0.7 0.04 0.04 0.3
1 0 0 -10
10
-10 70 -10
10 70 -10
10 50 -10
-10 50 -10
0.2125 0.1275 0.054 0.3
0.714 0.4284 0.18144 0.3
0.393548 0.271906 0.166721 0.3
0 0 -1 -10
25.6
-10 70 10
-10 70 -10
-10 50 -10
-10 50 10
0.25 0.25 0.25 0.3
0.4 0.4 0.4 0.3
0.774597 0.774597 0.774597 0.3
-1 0 0 -10
76.8
-10 50 10
-10 50 -10
10 50 -10
10 50 10
0.24725 0.1995 0.0745 0.3
0.75164 0.60648 0.22648 0.3
0.628281 0.555802 0.366065 0.3
0 -1 0 50
51.2
10 70 -10
-10 70 -10
-10 70 10
10 70 10
0.19225 0.19225 0.19225 0.3
0.50754 0.50754 0.50754 0.3
0.508273 0.508273 0.508273 0.3
0 1 0 -70
51.2
