BSPLINE
7
12
#sword hand 
#section 0
3.0 0.0
2.59808 1.5
1.5 2.59808
0.0 3.0
-1.5 2.59808
-2.59808 1.5
-3.0 0.0
-2.59808 -1.5
-1.5 -2.59808
0.0 -3.0
1.5 -2.59808
2.59808 -1.5
0.01
0.0 0.0 0.0 0.0
0.0 -20.0 0.0

#section 1
3.0 0.0
2.59808 1.5
1.5 2.59808
0.0 3.0
-1.5 2.59808
-2.59808 1.5
-3.0 0.0
-2.59808 -1.5
-1.5 -2.59808
0.0 -3.0
1.5 -2.59808
2.59808 -1.5
0.1
0.0 0.0 0.0 0.0
0.0 -18.0 0.0

#section 2
3.0 0.0
2.59808 1.5
1.5 2.59808
0.0 3.0
-1.5 2.59808
-2.59808 1.5
-3.0 0.0
-2.59808 -1.5
-1.5 -2.59808
0.0 -3.0
1.5 -2.59808
2.59808 -1.5
1.0
0.0 0.0 0.0 0.0
0.0 -16.0 0.0

#section 3
3.0 0.0
2.59808 1.5
1.5 2.59808
0.0 3.0
-1.5 2.59808
-2.59808 1.5
-3.0 0.0
-2.59808 -1.5
-1.5 -2.59808
0.0 -3.0
1.5 -2.59808
2.59808 -1.5
2.0
0.0 0.0 0.0 0.0
0.0 -14.0 0.0

#section 4
3.0 0.0
2.59808 1.5
1.5 2.59808
0.0 3.0
-1.5 2.59808
-2.59808 1.5
-3.0 0.0
-2.59808 -1.5
-1.5 -2.59808
0.0 -3.0
1.5 -2.59808
2.59808 -1.5
1.0
0.0 0.0 0.0 0.0
0.0 0.0 0.0

#section 5
10.0 0.0
8.66025 1.5
5 2.59808
0.0 3.0
-5 2.59808
-8.66025 1.5
-10.0 0.0
-8.66025 -1.5
-5 -2.59808
0.0 -3
5 -2.59808
8.66025 -1.5
1.0
0.0 0.0 0.0 0.0
0.0 2.0 0.0

#section 6
10.0 0.0
8.66025 1.5
5 2.59808
0.0 3.0
-5 2.59808
-8.66025 1.5
-10.0 0.0
-8.66025 -1.5
-5 -2.59808
0.0 -3
5 -2.59808
8.66025 -1.5
0.01
0.0 0.0 0.0 0.0
0.0 4.0 0.0



