BSPLINE #SPLINETYPE
24 #CROSS SECTION NUM
12 #CONTROL NUM

#sword hand 
#section 0
3.0 0.0
2.59808 1.5
1.5 2.59808
0.0 3.0
-1.5 2.59808
-2.59808 1.5
-3.0 0.0
-2.59808 -1.5
-1.5 -2.59808
0.0 -3.0
1.5 -2.59808
2.59808 -1.5
0.0
0.0 0.0 0.0 0.0
0.0 -20.0 0.0

#section 1
3.0 0.0
2.59808 1.5
1.5 2.59808
0.0 3.0
-1.5 2.59808
-2.59808 1.5
-3.0 0.0
-2.59808 -1.5
-1.5 -2.59808
0.0 -3.0
1.5 -2.59808
2.59808 -1.5
0.0
0.0 0.0 0.0 0.0
0.0 -18.0 0.0

#section 2
3.0 0.0
2.59808 1.5
1.5 2.59808
0.0 3.0
-1.5 2.59808
-2.59808 1.5
-3.0 0.0
-2.59808 -1.5
-1.5 -2.59808
0.0 -3.0
1.5 -2.59808
2.59808 -1.5
1.0
0.0 0.0 0.0 0.0
0.0 -16.0 0.0

#section 3
3.0 0.0
2.59808 1.5
1.5 2.59808
0.0 3.0
-1.5 2.59808
-2.59808 1.5
-3.0 0.0
-2.59808 -1.5
-1.5 -2.59808
0.0 -3.0
1.5 -2.59808
2.59808 -1.5
1.5
0.0 0.0 0.0 0.0
0.0 -17.0 0.0

#section 4
3.0 0.0
2.59808 1.5
1.5 2.59808
0.0 3.0
-1.5 2.59808
-2.59808 1.5
-3.0 0.0
-2.59808 -1.5
-1.5 -2.59808
0.0 -3.0
1.5 -2.59808
2.59808 -1.5
2.0
0.0 0.0 0.0 0.0
0.0 -14.0 0.0

#section 5
3.0 0.0
2.59808 1.5
1.5 2.59808
0.0 3.0
-1.5 2.59808
-2.59808 1.5
-3.0 0.0
-2.59808 -1.5
-1.5 -2.59808
0.0 -3.0
1.5 -2.59808
2.59808 -1.5
1.5
0.0 0.0 0.0 0.0
0.0 -13.0 0.0

#section 6
3.0 0.0
2.59808 1.5
1.5 2.59808
0.0 3.0
-1.5 2.59808
-2.59808 1.5
-3.0 0.0
-2.59808 -1.5
-1.5 -2.59808
0.0 -3.0
1.5 -2.59808
2.59808 -1.5
1.0
0.0 0.0 0.0 0.0
0.0 -12.0 0.0

#section 7
3.0 0.0
2.59808 1.5
1.5 2.59808
0.0 3.0
-1.5 2.59808
-2.59808 1.5
-3.0 0.0
-2.59808 -1.5
-1.5 -2.59808
0.0 -3.0
1.5 -2.59808
2.59808 -1.5
0.5
0.0 0.0 0.0 0.0
0.0 -10.0 0.0

#section 8
3.0 0.0
2.59808 1.5
1.5 2.59808
0.0 3.0
-1.5 2.59808
-2.59808 1.5
-3.0 0.0
-2.59808 -1.5
-1.5 -2.59808
0.0 -3.0
1.5 -2.59808
2.59808 -1.5
0.5
0.0 0.0 0.0 0.0
0.0 0.0 0.0

#section 9
10.0 0.0
8.66025 1.5
5 2.59808
0.0 3.0
-5 2.59808
-8.66025 1.5
-10.0 0.0
-8.66025 -1.5
-5 -2.59808
0.0 -3
5 -2.59808
8.66025 -1.5
0.5
0.0 0.0 0.0 0.0
0.0 2.0 0.0

#section 10
10.0 0.0
8.66025 1.5
5 2.59808
0.0 3.0
-5 2.59808
-8.66025 1.5
-10.0 0.0
-8.66025 -1.5
-5 -2.59808
0.0 -3
5 -2.59808
8.66025 -1.5
1.0
0.0 0.0 0.0 0.0
0.0 4.0 0.0

#section 11
10.0 0.0
8.66025 1.5
5 2.59808
0.0 3.0
-5 2.59808
-8.66025 1.5
-10.0 0.0
-8.66025 -1.5
-5 -2.59808
0.0 -3
5 -2.59808
8.66025 -1.5
0.5
0.0 0.0 0.0 0.0
0.0 6.0 0.0

#section 12
10.0 0.0
8.66025 1.5
5 2.59808
0.0 3.0
-5 2.59808
-8.66025 1.5
-10.0 0.0
-8.66025 -1.5
-5 -2.59808
0.0 -3
5 -2.59808
8.66025 -1.5
0.5
0.0 0.0 0.0 0.0
0.0 6.0 0.0

#section 13
10.0 0.0
8.66025 1.5
5 2.59808
0.0 3.0
-5 2.59808
-8.66025 1.5
-10.0 0.0
-8.66025 -1.5
-5 -2.59808
0.0 -3
5 -2.59808
8.66025 -1.5
0.3
0.0 0.0 0.0 0.0
0.0 8.0 0.0

#section 14
10 0.0
8.66025 0.5
5 0.866025
0.0 1.0
-5 0.866025
-8.66025 0.5
-10.0 0.0
-8.66025 -0.5
-5 -0.866025
0.0 -1.0
5 -0.866025
8.66025 -0.5
0.3
0.0 0.0 0.0 0.0
0.0 10.0 0.0

#section 15
10 0.0
8.5 0.7
2.5 1.5
0.0 0.1
-2.5 1.5
-8.5 0.7
-10.0 0.0
-8.5 -0.7
-2.5 -1.5
0.0 -0.1
2.5 -1.5
8.5 -0.7
0.3
0.0 0.0 0.0 0.0
0.0 12.0 0.0

#section 16
10 0.0
8.5 0.7
2.5 1.5
0.0 0.1
-2.5 1.5
-8.5 0.7
-10.0 0.0
-8.5 -0.7
-2.5 -1.5
0.0 -0.1
2.5 -1.5
8.5 -0.7
0.3
0.0 0.0 0.0 0.0
0.0 30.0 0.0

#section 17
10 0.0
8.5 0.7
2.5 1.5
0.0 0.1
-2.5 1.5
-8.5 0.7
-10.0 0.0
-8.5 -0.7
-2.5 -1.5
0.0 -0.1
2.5 -1.5
8.5 -0.7
0.3
0.0 0.0 0.0 0.0
0.0 50.0 0.0

#section 18
10 0.0
8.66025 0.5
5 0.866025
0.0 1.0
-5 0.866025
-8.66025 0.5
-10.0 0.0
-8.66025 -0.5
-5 -0.866025
0.0 -1.0
5 -0.866025
8.66025 -0.5
0.3
0.0 0.0 0.0 0.0
0.0 54.0 0.0

#section 19
10 0.0
8.66025 0.5
5 0.866025
0.0 1.0
-5 0.866025
-8.66025 0.5
-10.0 0.0
-8.66025 -0.5
-5 -0.866025
0.0 -1.0
5 -0.866025
8.66025 -0.5
0.2
0.0 0.0 0.0 0.0
0.0 57.0 0.0

#section 20
10 0.0
8.66025 0.5
5 0.866025
0.0 1.0
-5 0.866025
-8.66025 0.5
-10.0 0.0
-8.66025 -0.5
-5 -0.866025
0.0 -1.0
5 -0.866025
8.66025 -0.5
0.1
0.0 0.0 0.0 0.0
0.0 60.0 0.0

#section 21
10 0.0
8.66025 0.5
5 0.866025
0.0 1.0
-5 0.866025
-8.66025 0.5
-10.0 0.0
-8.66025 -0.5
-5 -0.866025
0.0 -1.0
5 -0.866025
8.66025 -0.5
0.05
0.0 0.0 0.0 0.0
0.0 61.5 0.0

#section 22
10 0.0
8.66025 0.5
5 0.866025
0.0 1.0
-5 0.866025
-8.66025 0.5
-10.0 0.0
-8.66025 -0.5
-5 -0.866025
0.0 -1.0
5 -0.866025
8.66025 -0.5
0.0
0.0 0.0 0.0 0.0
0.0 63.0 0.0

#section 23
10 0.0
8.66025 0.5
5 0.866025
0.0 1.0
-5 0.866025
-8.66025 0.5
-10.0 0.0
-8.66025 -0.5
-5 -0.866025
0.0 -1.0
5 -0.866025
8.66025 -0.5
0.0
0.0 0.0 0.0 0.0
0.0 64.0 0.0
